%
%THIS IS A WIZARD GENERATED FILE. DO NOT EDIT THIS FILE!
%
%---------------------------------------------------------------------------------------------------------
%This is a filter with fixed coefficients.
%This Model Only Support Single Channel Input Data.
%Please input:
%data vector: 		stimulation(1:n)

%    This Model Only Support FIR_WIDTH to 51 Bits

%FILTER PARAMETER
%Input Data Type :	Signed Binary
%Input Data Width: 24
%Interpolation Factor: 1
%Decimation Factor: 1
%FIR Width (Full Calculation Width Before Output Width Adjust) :24
%-----------------------------------------------------------------------------------------------------------
%MegaWizard Scaled Coefficient Values

 function  output = LP1000_mlab(stimulation, output)
 coef_matrix_in= [-2,-2,-2,-2,-2,-2,-2,-2,-2,-2,-2,-2,-2,-2,-2,-2,-3,-3,-3,-3,-3,-3,-3,-3,-3,-3,-3,-3,-3,-3,-3,-3,-4,-4,-4,-4,-4,-4,-4,-4,-4,-4,-4,-4,-4,-4,-5,-5,-5,-5,-5,-5,-5,-5,-5,-5,-5,-5,-5,-5,-6,-6,-6,-6,-6,-6,-6,-6,-6,-6,-6,-6,-6,-7,-7,-7,-7,-7,-7,-7,-7,-7,-7,-7,-7,-7,-7,-8,-8,-8,-8,-8,-8,-8,-8,-8,-8,-8,-8,-8,-8,-9,-9,-9,-9,-9,-9,-9,-9,-9,-9,-9,-9,-9,-9,-9,-9,-10,-10,-10,-10,-10,-10,-10,-10,-10,-10,-10,-10,-10,-10,-10,-10,-10,-10,-10,-10,-10,-10,-10,-10,-10,-10,-10,-10,-11,-11,-11,-11,-11,-11,-11,-11,-11,-11,-11,-10,-10,-10,-10,-10,-10,-10,-10,-10,-10,-10,-10,-10,-10,-10,-10,-10,-10,-10,-10,-10,-10,-10,-9,-9,-9,-9,-9,-9,-9,-9,-9,-9,-8,-8,-8,-8,-8,-8,-8,-8,-7,-7,-7,-7,-7,-7,-7,-6,-6,-6,-6,-6,-5,-5,-5,-5,-5,-4,-4,-4,-4,-4,-3,-3,-3,-3,-2,-2,-2,-2,-1,-1,-1,0,0,0,0,0,0,0,1,1,1,2,2,2,3,3,3,4,4,4,5,5,5,6,6,7,7,7,8,8,9,9,9,10,10,11,11,12,12,12,13,13,14,14,15,15,16,16,17,17,18,18,19,19,20,20,21,21,22,22,23,23,24,24,25,26,26,27,27,28,28,29,30,30,31,31,32,32,33,34,34,35,35,36,37,37,38,38,39,40,40,41,42,42,43,44,44,45,45,46,47,47,48,49,49,50,51,51,52,53,53,54,55,55,56,57,57,58,59,59,60,61,61,62,63,63,64,65,65,66,67,67,68,69,69,70,71,71,72,73,73,74,75,75,76,77,77,78,79,79,80,80,81,82,82,83,84,84,85,86,86,87,87,88,89,89,90,91,91,92,92,93,94,94,95,95,96,97,97,98,98,99,99,100,100,101,102,102,103,103,104,104,105,105,106,106,107,107,108,108,109,109,110,110,111,111,111,112,112,113,113,114,114,114,115,115,116,116,116,117,117,117,118,118,118,119,119,119,120,120,120,121,121,121,121,122,122,122,122,123,123,123,123,124,124,124,124,124,125,125,125,125,125,125,125,126,126,126,126,126,126,126,126,126,126,126,126,126,126,126,126,127,126,126,126,126,126,126,126,126,126,126,126,126,126,126,126,126,125,125,125,125,125,125,125,124,124,124,124,124,123,123,123,123,122,122,122,122,121,121,121,121,120,120,120,119,119,119,118,118,118,117,117,117,116,116,116,115,115,114,114,114,113,113,112,112,111,111,111,110,110,109,109,108,108,107,107,106,106,105,105,104,104,103,103,102,102,101,100,100,99,99,98,98,97,97,96,95,95,94,94,93,92,92,91,91,90,89,89,88,87,87,86,86,85,84,84,83,82,82,81,80,80,79,79,78,77,77,76,75,75,74,73,73,72,71,71,70,69,69,68,67,67,66,65,65,64,63,63,62,61,61,60,59,59,58,57,57,56,55,55,54,53,53,52,51,51,50,49,49,48,47,47,46,45,45,44,44,43,42,42,41,40,40,39,38,38,37,37,36,35,35,34,34,33,32,32,31,31,30,30,29,28,28,27,27,26,26,25,24,24,23,23,22,22,21,21,20,20,19,19,18,18,17,17,16,16,15,15,14,14,13,13,12,12,12,11,11,10,10,9,9,9,8,8,7,7,7,6,6,5,5,5,4,4,4,3,3,3,2,2,2,1,1,1,0,0,0,0,0,0,0,-1,-1,-1,-2,-2,-2,-2,-3,-3,-3,-3,-4,-4,-4,-4,-4,-5,-5,-5,-5,-5,-6,-6,-6,-6,-6,-7,-7,-7,-7,-7,-7,-7,-8,-8,-8,-8,-8,-8,-8,-8,-9,-9,-9,-9,-9,-9,-9,-9,-9,-9,-10,-10,-10,-10,-10,-10,-10,-10,-10,-10,-10,-10,-10,-10,-10,-10,-10,-10,-10,-10,-10,-10,-10,-11,-11,-11,-11,-11,-11,-11,-11,-11,-11,-11,-10,-10,-10,-10,-10,-10,-10,-10,-10,-10,-10,-10,-10,-10,-10,-10,-10,-10,-10,-10,-10,-10,-10,-10,-10,-10,-10,-10,-9,-9,-9,-9,-9,-9,-9,-9,-9,-9,-9,-9,-9,-9,-9,-9,-8,-8,-8,-8,-8,-8,-8,-8,-8,-8,-8,-8,-8,-8,-7,-7,-7,-7,-7,-7,-7,-7,-7,-7,-7,-7,-7,-7,-6,-6,-6,-6,-6,-6,-6,-6,-6,-6,-6,-6,-6,-5,-5,-5,-5,-5,-5,-5,-5,-5,-5,-5,-5,-5,-5,-4,-4,-4,-4,-4,-4,-4,-4,-4,-4,-4,-4,-4,-4,-3,-3,-3,-3,-3,-3,-3,-3,-3,-3,-3,-3,-3,-3,-3,-3,-2,-2,-2,-2,-2,-2,-2,-2,-2,-2,-2,-2,-2,-2,-2,-2];
